21
224
209
130
112
64
230
110
110
124
36
127
32
254
87
12
7
48
205
165
32
143
225
53
177
183
82
189
135
182
225
113
243
33
136
123
128
175
248
201
25
224
36
143
206
214
206
86
25
118
204
165
228
216
2
49
37
79
37
6
100
235
110
157
152
143
114
59
225
58
48
61
112
79
196
175
74
187
231
14
65
174
159
98
18
61
237
193
169
32
254
147
243
39
203
50
4
224
250
248
54
97
120
154
199
112
68
204
160
218
228
144
252
217
239
190
14
199
150
130
254
113
228
47
213
139
253
142
128
115
196
88
175
93
191
67
187
55
90
222
163
104
17
63
197
198
53
53
201
75
206
43
154
222
101
39
4
49
114
122
111
30
159
178
102
124
81
223
161
23
8
140
199
160
81
105
96
173
149
216
217
151
1
105
77
22
21
195
232
44
127
208
38
111
99
228
224
2
180
156
173
137
61
26
173
50
148
71
222
232
8
125
181
119
151
208
231
174
150
101
131
205
193
205
119
43
125
32
114
113
57
65
100
115
196
126
55
213
123
112
225
48
186
65
5
92
220
144
167
89
75
168
224
248
205
14
156
95
183
214
29
25
95
100
63
251
124
250
5
220
199
20
156
222
25
84
163
12
215
209
32
107
150
60
228
29
172
6
106
96
221
60
7
126
128
185
177
74
102
9
208
139
217
193
118
239
47
157
226
134
19
7
183
133
101
96
35
115
43
86
159
248
197
83
51
84
13
246
157
115
27
39
77
154
143
195
200
212
169
58
131
202
10
19
111
50
7
229
70
76
206
196
180
96
68
54
153
148
82
227
9
54
128
244
183
118
165
112
212
29
222
105
68
176
33
27
165
6
172
225
30
153
14
248
13
15
186
249
186
10
205
70
55
46
199
222
140
247
137
149
187
198
79
59
109
138
20
233
129
183
69
5
132
154
99
218
238
194
189
50
142
61
56
245
126
134
84
181
43
20
52
197
249
252
72
91
51
83
179
130
190
82
219
238
101
49
128
50
104
158
151
86
0
57
120
253
94
26
202
26
205
40
82
173
91
255
248
178
200
225
142
103
226
93
42
121
135
187
138
243
126
140
166
3
181
249
208
69
248
119
21
96
185
1
135
87
17
253
60
56
11
135
150
61
28
32
120
201
224
100
118
201
61
251
203
170
64
171
177
154
9
1
113
21
253
202
137
88
9
41
195
43
34
245
3
222
197
198
106
36
137
128
216
255
140
128
28
65
32
182
252
128
11
44
180
189
96
25
10
13
114
4
51
190
58
116
22
115
137
85
102
12
203
188
115
82
253
34
253
106
179
171
68
205
140
170
79
222
232
78
65
218
70
232
0
105
211
196
11
110
169
238
85
39
198
250
66
155
73
152
119
77
31
9
64
32
39
144
241
158
59
141
52
96
40
40
185
211
71
80
75
38
16
181
154
15
235
33
59
194
194
6
164
45
109
60
0
172
113
242
248
49
103
148
146
74
242
198
220
200
170
79
145
63
219
117
3
194
188
162
140
176
152
20
169
115
145
38
72
24
105
120
126
199
13
120
97
196
237
185
6
138
115
162
114
156
160
125
23
185
237
41
181
200
155
125
41
31
123
209
205
216
253
35
124
119
235
72
178
159
201
214
241
202
190
247
44
61
123
14
221
74
10
177
130
192
126
50
197
31
45
47
67
244
45
77
103
106
231
115
130
172
197
28
242
80
160
40
79
30
121
134
138
199
134
89
65
55
165
28
96
44
230
209
86
33
34
208
14
213
197
63
166
186
63
82
26
247
25
21
103
47
233
69
9
84
180
223
238
52
117
127
121
136
206
23
21
162
226
140
146
52
232
36
62
106
53
37
77
251
105
13
180
76
120
80
238
39
68
251
140
207
26
240
243
218
185
26
224
195
69
108
15
177
171
141
90
80
200
131
218
61
108
20
209
165
31
182
177
11
79
211
1
162
202
140
179
175
252
95
120
35
177
15
32
122
28
185
63
45
190
62
24
238
248
111
49
34
202
249
250
109
242
111
224
6
72
170
8
121
83
23
16
99
225
122
44
211
243
145
158
45
255
22
246
131
213
114
186
26
144
95
102
224
198
10
205
13
115
240
88
120
70
211
65
203
165
211
34
242
19
193
149
18
60
41
218
237
201
2
177
203
2
166
199
162
119
109
1
253
25
3
225
71
194
212
8
66
131
214
113
186
240
76
132
221
222
159
6
125
247
167
238
245
72
141
51
1
38
150
51
197
233
7
110
145
142
95
75
